-0.038375 0.242262 0.017668 0.995059 -0.008027 0.088744
-0.036488 0.229699 0.018527 0.995096 -0.006079 0.088238
-0.037301 0.214621 0.019370 0.995171 -0.006816 0.087846
-0.038545 0.204468 0.020687 0.995195 -0.008310 0.087892
-0.034576 0.205245 0.021528 0.995213 -0.008600 0.088295
-0.036465 0.218833 0.022671 0.995116 -0.011239 0.089405
-0.041941 0.212811 0.024877 0.995018 -0.011883 0.090632
-0.044382 0.209970 0.026485 0.994965 -0.011791 0.091013
-0.046798 0.206993 0.027663 0.994957 -0.013443 0.091757
-0.045692 0.206419 0.028211 0.995069 -0.014091 0.090291
-0.053752 0.176489 0.028894 0.995481 -0.011011 0.087119
-0.045427 0.173208 0.030182 0.995636 -0.008213 0.086747
-0.050329 0.155766 0.033758 0.995611 -0.006314 0.087494
-0.052137 0.144765 0.036830 0.995638 -0.004054 0.087911
-0.053013 0.133021 0.038807 0.995635 -0.000627 0.088500
-0.046955 0.126728 0.041347 0.995718 0.002541 0.087120
-0.036545 0.124100 0.041868 0.995847 0.004405 0.085186
-0.038253 0.116764 0.043654 0.995925 0.001069 0.084345
-0.040521 0.116323 0.043228 0.996005 0.002001 0.083344
-0.037746 0.113640 0.044203 0.995922 0.004642 0.083053
-0.036958 0.113312 0.044482 0.995966 0.001877 0.082710
-0.040838 0.105420 0.044353 0.996098 0.002816 0.081029
-0.038473 0.101562 0.045133 0.996424 0.004231 0.077799
-0.039192 0.097442 0.046942 0.996804 0.006852 0.072290
-0.036779 0.099100 0.049696 0.996953 0.010566 0.067902
-0.034869 0.143802 0.052869 0.997129 0.005909 0.066980
-0.034980 0.164828 0.053379 0.997386 0.006127 0.062179
-0.028810 0.163195 0.054041 0.997506 0.005436 0.059343
-0.020300 0.162117 0.055540 0.997651 0.004791 0.057813
-0.013103 0.165553 0.049509 0.998029 0.002182 0.050753
-0.014834 0.154360 0.047196 0.998382 -0.002042 0.042519
-0.012593 0.151710 0.059337 0.998180 -0.006937 0.044444
0.002598 0.141829 0.076078 0.998065 -0.011273 0.040327
0.013277 0.117789 0.086288 0.998466 -0.019884 0.025929
0.019560 0.112596 0.098546 0.998959 -0.018474 0.000038
0.022555 0.116352 0.123526 0.999053 -0.029159 -0.009294
0.028260 0.121206 0.147010 0.999000 -0.037755 0.000541
0.035311 0.125660 0.172096 0.998788 -0.041466 0.007437
0.044542 0.125905 0.197326 0.998518 -0.045991 0.017249
0.056678 0.124595 0.222166 0.997766 -0.056323 0.029833
0.069632 0.123281 0.247157 0.996911 -0.063544 0.041135
0.078492 0.124184 0.257889 0.996873 -0.058968 0.042179
0.085368 0.123583 0.260579 0.997128 -0.053030 0.041332
0.091504 0.123850 0.260473 0.997100 -0.057063 0.031884
0.100169 0.127013 0.257460 0.997350 -0.060219 0.028948
0.114953 0.133099 0.253854 0.997359 -0.065637 0.024662
0.127724 0.137404 0.252299 0.996965 -0.073285 0.020987
0.143540 0.146847 0.254522 0.996553 -0.079984 0.015319
0.161047 0.155009 0.252132 0.996359 -0.082490 0.011117
0.183012 0.165431 0.251598 0.995795 -0.089298 0.010690
0.212974 0.174440 0.248655 0.995046 -0.097582 0.011357
0.238907 0.179017 0.246967 0.994455 -0.103767 0.011180
0.268797 0.185790 0.248192 0.994331 -0.105234 0.010765
0.299032 0.188453 0.247543 0.994070 -0.107613 0.010634
0.334613 0.187380 0.245582 0.994338 -0.105377 0.011207
0.387152 0.181539 0.245274 0.994177 -0.106529 0.012604
0.434534 0.175344 0.248854 0.994931 -0.098165 0.015319
0.481275 0.168235 0.256130 0.994989 -0.096212 0.021642
0.533295 0.163326 0.265946 0.994872 -0.095700 0.028448
0.585266 0.161728 0.271171 0.994884 -0.095178 0.030519
0.656171 0.158431 0.273627 0.994664 -0.097683 0.031348
0.711134 0.159017 0.270219 0.994724 -0.097198 0.029453
0.771780 0.157994 0.268057 0.994342 -0.100605 0.030249
0.833986 0.158102 0.267896 0.994056 -0.101754 0.034361
0.900658 0.158793 0.271403 0.993797 -0.102563 0.038098
0.988893 0.155381 0.277670 0.993467 -0.105492 0.040958
1.054012 0.150766 0.280311 0.993225 -0.107510 0.041689
1.118460 0.140693 0.284989 0.993111 -0.108262 0.041975
1.177446 0.129420 0.285076 0.992909 -0.109732 0.042882
1.241533 0.111131 0.285924 0.992546 -0.112099 0.045821
1.321744 0.090900 0.284294 0.992176 -0.111762 0.053371
1.385213 0.075083 0.287417 0.993233 -0.102813 0.050704
1.448541 0.061882 0.293298 0.993752 -0.097513 0.051923
1.506742 0.047045 0.298597 0.994312 -0.091849 0.050642
1.568411 0.032416 0.300352 0.993911 -0.094904 0.052763
1.648374 0.013239 0.299500 0.993919 -0.096264 0.048622
1.715345 -0.000308 0.295138 0.992940 -0.106612 0.047539
1.785912 -0.012969 0.294130 0.991997 -0.113629 0.051661
1.856756 -0.025081 0.298521 0.991026 -0.119376 0.056324
1.926806 -0.037220 0.306842 0.990802 -0.121171 0.058072
2.013244 -0.052082 0.316960 0.990587 -0.121365 0.061778
2.078874 -0.066601 0.320498 0.990919 -0.119026 0.060536
2.140322 -0.084023 0.318513 0.991241 -0.118034 0.057017
2.204416 -0.105479 0.315022 0.991138 -0.119552 0.056172
2.269492 -0.130022 0.313667 0.991249 -0.118646 0.055609
2.350749 -0.158900 0.316546 0.991882 -0.112673 0.054865
2.417272 -0.179184 0.321646 0.992515 -0.104147 0.058070
2.476398 -0.196060 0.325402 0.992496 -0.103812 0.058448
2.538890 -0.209990 0.324574 0.992561 -0.103890 0.057247
2.606304 -0.223869 0.319753 0.992725 -0.102630 0.054191
2.697293 -0.236508 0.311676 0.992184 -0.107504 0.054442
2.770601 -0.245188 0.310642 0.991938 -0.107398 0.055459
2.838664 -0.251762 0.315285 0.991607 -0.111164 0.055297
2.908218 -0.261020 0.323112 0.991530 -0.111764 0.058016
2.977726 -0.272053 0.331787 0.991057 -0.114984 0.058897
3.064240 -0.290350 0.336133 0.990535 -0.118628 0.061917
3.130428 -0.304694 0.333967 0.990370 -0.120895 0.061985
3.197071 -0.321741 0.330319 0.990575 -0.120274 0.058862
3.262890 -0.337659 0.329739 0.991184 -0.112722 0.062091
3.329206 -0.356954 0.335058 0.991776 -0.106202 0.061637
3.416092 -0.378512 0.343659 0.991708 -0.105747 0.066049
3.485302 -0.394332 0.346195 0.992036 -0.101957 0.064056
3.548188 -0.406603 0.344122 0.992098 -0.101180 0.061434
3.617269 -0.419658 0.338449 0.991310 -0.108491 0.059965
3.696782 -0.430402 0.333224 0.990879 -0.110698 0.061364
3.795433 -0.441209 0.332790 0.990155 -0.115582 0.060422
3.868634 -0.445700 0.338191 0.990067 -0.119661 0.059508
3.940098 -0.450139 0.345843 0.990501 -0.116754 0.061817
4.012067 -0.458121 0.350053 0.990670 -0.115470 0.063044
4.085153 -0.469832 0.349516 0.990715 -0.115302 0.062246
4.183324 -0.492967 0.345812 0.990609 -0.116010 0.064676
4.257361 -0.513250 0.345978 0.990188 -0.116938 0.070566
4.328880 -0.532009 0.350110 0.990395 -0.115856 0.068387
4.400293 -0.549141 0.357070 0.990651 -0.112080 0.069627
4.471689 -0.565855 0.362899 0.990667 -0.110697 0.070809
4.564898 -0.584157 0.363517 0.990432 -0.113104 0.070630
4.641106 -0.596722 0.358754 0.989779 -0.119196 0.068588
4.718435 -0.608473 0.352538 0.989259 -0.123114 0.068278
4.794254 -0.618859 0.352105 0.988360 -0.128497 0.069987
4.876618 -0.629524 0.357629 0.988435 -0.129509 0.069132
4.972644 -0.639424 0.364119 0.988700 -0.128150 0.068730
5.046867 -0.651389 0.365411 0.989037 -0.126125 0.068144
5.116382 -0.663946 0.363033 0.988877 -0.127631 0.067156
5.190053 -0.680887 0.358601 0.989108 -0.125791 0.067503
5.268772 -0.700154 0.355361 0.989449 -0.120669 0.070590
5.363902 -0.724290 0.356991 0.990337 -0.114162 0.067857
5.435339 -0.739374 0.363499 0.990325 -0.114171 0.069943
5.505613 -0.750952 0.369202 0.990405 -0.111998 0.072632
5.579401 -0.762872 0.369131 0.990795 -0.110666 0.070320
5.658269 -0.773847 0.365036 0.989881 -0.119758 0.068148
5.760499 -0.788144 0.359749 0.989248 -0.124390 0.069434
5.840139 -0.797741 0.360848 0.988689 -0.128642 0.067209
5.914845 -0.807894 0.365250 0.988574 -0.131443 0.065672
5.989086 -0.818290 0.370532 0.988602 -0.130787 0.065520
6.063662 -0.833564 0.373528 0.988632 -0.129638 0.064713
6.161327 -0.855503 0.370119 0.988344 -0.132939 0.063801
6.237070 -0.878220 0.366721 0.988791 -0.130016 0.063439
6.309149 -0.897610 0.366034 0.989916 -0.122781 0.056502
6.381767 -0.915322 0.371840 0.990458 -0.115785 0.059234
6.459470 -0.931002 0.380026 0.990642 -0.110019 0.063546
6.555218 -0.948538 0.385752 0.990269 -0.111592 0.067461
6.628567 -0.961787 0.383827 0.990380 -0.113731 0.064612
6.707906 -0.971643 0.379300 0.990239 -0.116702 0.062485
6.780448 -0.982943 0.378897 0.989655 -0.117904 0.066934
6.863076 -0.993401 0.380964 0.989560 -0.119275 0.063739
6.956407 -1.010760 0.387765 0.989401 -0.121399 0.065986
7.034606 -1.025811 0.393682 0.989004 -0.123837 0.067615
7.100042 -1.043663 0.396026 0.988576 -0.125443 0.070729
7.167421 -1.061124 0.394954 0.988354 -0.125181 0.073621
7.235404 -1.085332 0.391498 0.987893 -0.127715 0.078253
7.324911 -1.114776 0.388992 0.988180 -0.124301 0.076608
7.389898 -1.137743 0.390504 0.988674 -0.120386 0.075324
7.452891 -1.155287 0.394270 0.988927 -0.117630 0.074027
7.513917 -1.171951 0.396002 0.989077 -0.115705 0.074071
7.582063 -1.186415 0.395677 0.989180 -0.114865 0.073010
7.669312 -1.204147 0.392250 0.987496 -0.126301 0.074124
7.743035 -1.213280 0.391996 0.986588 -0.128684 0.078218
7.818777 -1.222238 0.395091 0.985973 -0.131458 0.079691
7.880627 -1.231539 0.398992 0.986327 -0.132870 0.077988
7.947485 -1.238576 0.404696 0.986768 -0.130858 0.076720
8.030245 -1.252348 0.402853 0.987927 -0.123834 0.073807
8.103629 -1.265163 0.399252 0.988136 -0.122431 0.073796
8.171043 -1.279661 0.395327 0.988170 -0.121838 0.075319
8.235757 -1.298369 0.393428 0.988694 -0.116131 0.075333
8.306134 -1.316125 0.398365 0.988752 -0.111168 0.076702
8.388865 -1.334783 0.404639 0.989578 -0.102404 0.078293
8.453751 -1.347174 0.408711 0.989348 -0.105295 0.077743
8.516808 -1.359292 0.409029 0.989337 -0.105319 0.076980
8.580298 -1.371377 0.404809 0.988433 -0.113142 0.076258
8.655201 -1.382251 0.400504 0.987831 -0.119513 0.076898
8.748627 -1.394069 0.404869 0.986573 -0.126060 0.076975
8.814606 -1.401199 0.414095 0.985672 -0.133513 0.082685
8.880209 -1.409664 0.423348 0.985972 -0.131843 0.083887
8.941101 -1.420061 0.427837 0.986155 -0.131912 0.084488
8.998841 -1.433699 0.427974 0.985457 -0.136314 0.085670
9.081133 -1.455279 0.422780 0.985564 -0.135863 0.085921
9.142267 -1.471749 0.417825 0.985974 -0.131873 0.085985
9.205490 -1.490428 0.415226 0.986578 -0.128702 0.080032
9.259887 -1.505627 0.414846 0.986870 -0.127557 0.082310
9.327291 -1.523220 0.420286 0.987520 -0.119301 0.083410
9.396846 -1.540872 0.423524 0.986925 -0.122471 0.084500
9.470328 -1.556527 0.423836 0.986412 -0.125731 0.084856
9.525813 -1.565964 0.418015 0.985500 -0.132383 0.084977
9.602381 -1.579462 0.415254 0.984290 -0.138673 0.086303
9.661070 -1.585341 0.414879 0.984151 -0.137728 0.083143
9.750508 -1.595183 0.419708 0.985109 -0.139548 0.075025
9.814948 -1.603063 0.426724 0.985318 -0.138418 0.074859
9.878305 -1.610786 0.429854 0.985768 -0.134047 0.076521
9.931571 -1.620588 0.428465 0.985919 -0.131500 0.076319
9.998405 -1.636994 0.427823 0.985396 -0.134263 0.079914
10.071546 -1.657340 0.426878 0.984760 -0.136013 0.080936
10.139137 -1.676705 0.430415 0.985133 -0.132055 0.079017
10.191209 -1.689604 0.432708 0.985567 -0.128571 0.079587
10.252141 -1.702935 0.437019 0.985503 -0.128044 0.078273
10.309767 -1.711862 0.436148 0.985893 -0.125335 0.077674
10.393663 -1.728385 0.434192 0.984829 -0.132306 0.077681
10.454895 -1.736516 0.432525 0.983786 -0.137463 0.080555
10.521033 -1.743797 0.435219 0.983382 -0.139601 0.078709
10.578460 -1.749410 0.440321 0.983424 -0.140762 0.078817
10.640659 -1.757675 0.449088 0.983682 -0.140661 0.079188
10.712305 -1.767262 0.457183 0.983371 -0.144233 0.081869
10.772577 -1.780508 0.459976 0.983913 -0.141041 0.082902
10.829128 -1.797051 0.457749 0.984465 -0.139910 0.081429
10.885965 -1.816791 0.457973 0.983551 -0.143329 0.081557
10.945740 -1.833093 0.459899 0.984066 -0.137033 0.082118
11.020019 -1.855838 0.468147 0.984344 -0.131927 0.085265
11.075323 -1.869011 0.473060 0.984257 -0.130030 0.085292
11.130820 -1.880399 0.474152 0.984479 -0.128909 0.084302
11.183293 -1.888877 0.472803 0.983932 -0.133058 0.083460
11.245155 -1.895977 0.469040 0.983540 -0.137161 0.083613
11.320975 -1.899491 0.466672 0.982628 -0.140958 0.086378
11.382978 -1.903154 0.470517 0.982421 -0.140876 0.087862
11.439959 -1.907731 0.477276 0.982862 -0.141570 0.089070
11.491849 -1.911338 0.483334 0.982970 -0.142680 0.089742
11.549004 -1.919879 0.484720 0.983609 -0.139894 0.087338
11.614870 -1.933336 0.478812 0.983994 -0.140494 0.082623
11.673408 -1.949501 0.473321 0.984347 -0.139067 0.083161
11.729799 -1.965503 0.470753 0.984604 -0.136287 0.085717
11.779784 -1.979733 0.470871 0.985871 -0.131642 0.077730
11.833348 -1.997360 0.473068 0.986674 -0.129667 0.071822
11.899270 -2.016732 0.472476 0.987287 -0.129178 0.065627
11.948005 -2.028510 0.469551 0.987376 -0.129380 0.063517
12.003666 -2.039798 0.465263 0.987690 -0.129131 0.059672
12.053477 -2.048776 0.460222 0.987751 -0.131783 0.058342
12.106695 -2.056742 0.459370 0.986866 -0.138185 0.061597
12.174046 -2.066272 0.462801 0.986743 -0.143970 0.055902
12.230152 -2.076060 0.469427 0.987013 -0.143971 0.055847
12.273065 -2.085055 0.471888 0.987390 -0.144053 0.051765
12.316459 -2.095773 0.471747 0.987644 -0.143977 0.047972
12.372671 -2.108653 0.467150 0.988060 -0.143964 0.040981
12.435233 -2.126953 0.461819 0.989081 -0.138416 0.038379
12.496217 -2.142125 0.460536 0.990181 -0.132368 0.031815
12.541888 -2.153372 0.464036 0.990739 -0.127477 0.031625
12.596439 -2.167367 0.468641 0.991260 -0.123451 0.030949
12.639697 -2.178011 0.470976 0.991536 -0.120689 0.031029
12.707403 -2.192379 0.470260 0.991457 -0.119556 0.030497
12.757653 -2.199707 0.465891 0.991339 -0.120809 0.031232
12.816309 -2.209068 0.463695 0.991228 -0.120322 0.036056
12.869349 -2.212375 0.464828 0.991272 -0.118740 0.036841
12.935776 -2.222184 0.470212 0.991783 -0.116604 0.033740
13.004827 -2.231798 0.477404 0.992384 -0.113598 0.032173
13.065274 -2.244271 0.478608 0.992660 -0.113379 0.027853
13.116703 -2.254377 0.477427 0.993034 -0.110334 0.025167
13.179307 -2.269052 0.475312 0.993455 -0.106390 0.028263
13.236329 -2.282385 0.474198 0.993836 -0.101401 0.029773
13.312991 -2.301249 0.479433 0.994700 -0.092479 0.030147
13.365633 -2.313135 0.486315 0.995159 -0.087269 0.030606
13.434758 -2.324708 0.489977 0.995121 -0.086695 0.029099
13.486703 -2.334673 0.488109 0.995343 -0.083420 0.027623
13.558807 -2.347132 0.483526 0.994457 -0.092345 0.026244
13.635177 -2.358419 0.478724 0.994124 -0.095178 0.030501
13.712827 -2.366416 0.482356 0.994035 -0.095593 0.033144
13.770208 -2.372729 0.488528 0.994076 -0.095827 0.031648
13.840355 -2.381392 0.495017 0.994037 -0.097092 0.030606
13.896242 -2.389463 0.499363 0.994085 -0.097420 0.029879
13.982408 -2.401589 0.500019 0.994357 -0.094880 0.030529
14.039383 -2.412291 0.498390 0.994669 -0.091822 0.032968
14.100886 -2.421673 0.497992 0.995278 -0.085167 0.032387
14.153267 -2.431499 0.500779 0.995723 -0.081635 0.031739
14.214116 -2.437802 0.506654 0.995910 -0.078169 0.032140
14.284258 -2.448201 0.511101 0.995904 -0.078632 0.031237
14.342515 -2.452490 0.511789 0.995563 -0.081049 0.032334
14.397301 -2.457393 0.510761 0.995237 -0.083415 0.033000
14.452699 -2.455652 0.509543 0.994965 -0.084838 0.040504
14.506101 -2.450997 0.512857 0.994292 -0.088717 0.048288
14.571568 -2.437994 0.522411 0.994826 -0.083329 0.048693
14.627166 -2.424414 0.530291 0.995270 -0.075858 0.051260
14.683032 -2.411640 0.533332 0.996122 -0.063406 0.051191
14.734793 -2.396891 0.532453 0.997044 -0.047900 0.049116
14.785938 -2.380471 0.529314 0.997921 -0.029891 0.047875
14.855428 -2.357471 0.524964 0.998429 -0.005920 0.051077
14.910924 -2.340976 0.527539 0.998062 0.015701 0.053447
14.962408 -2.325868 0.533120 0.997383 0.032607 0.058767
15.011211 -2.309663 0.537845 0.996626 0.048696 0.058792
15.060957 -2.289148 0.539567 0.995791 0.061848 0.058680
15.121993 -2.259380 0.536755 0.994706 0.077205 0.058988
15.171583 -2.230761 0.530165 0.993985 0.088086 0.058357
15.220933 -2.201098 0.526919 0.993336 0.093896 0.062539
15.271777 -2.172069 0.529233 0.993085 0.097426 0.062019
15.324473 -2.144996 0.536949 0.992709 0.101180 0.063795
15.385717 -2.116966 0.546018 0.991751 0.110063 0.063863
15.436761 -2.099375 0.547963 0.991333 0.113864 0.063372
15.488373 -2.083830 0.546128 0.990929 0.117598 0.063398
15.542411 -2.066936 0.543349 0.990662 0.120314 0.063510
15.601808 -2.050311 0.543757 0.990259 0.122704 0.065517
15.677123 -2.029147 0.550944 0.988800 0.132498 0.068170
15.736064 -2.009486 0.557757 0.987898 0.138460 0.068572
15.791422 -1.988597 0.562428 0.988018 0.136598 0.070067
15.843140 -1.970212 0.562887 0.987880 0.137538 0.069885
15.900966 -1.945287 0.561452 0.988175 0.136058 0.067435
15.973032 -1.917889 0.558644 0.988547 0.131918 0.071432
16.034494 -1.886334 0.559051 0.989191 0.127076 0.071066
16.086498 -1.863653 0.560526 0.989647 0.126399 0.066201
16.141140 -1.837886 0.567213 0.990010 0.123683 0.065958
16.195442 -1.818866 0.570095 0.990147 0.123756 0.063543
16.267081 -1.791761 0.568819 0.989923 0.126389 0.061680
16.323341 -1.774276 0.564750 0.989675 0.129808 0.059035
16.380230 -1.753674 0.563774 0.989239 0.131724 0.062523
16.437974 -1.739865 0.565755 0.988136 0.138546 0.064481
16.496205 -1.718016 0.572161 0.987424 0.142394 0.066628
16.567008 -1.702972 0.581032 0.986568 0.147012 0.067767
16.622170 -1.680138 0.584094 0.987159 0.143442 0.066778
16.675246 -1.662506 0.584498 0.988290 0.136320 0.064661
16.734844 -1.648673 0.582266 0.989999 0.124660 0.062392
16.797198 -1.628845 0.580054 0.991424 0.111933 0.064497
16.879126 -1.606249 0.581024 0.993085 0.095851 0.064519
16.945443 -1.590512 0.587214 0.994653 0.080572 0.062499
17.009392 -1.580843 0.594908 0.995732 0.067268 0.062111
17.072436 -1.580840 0.600625 0.996825 0.049057 0.061626
17.139943 -1.587706 0.601563 0.997651 0.031605 0.059561
17.229992 -1.603711 0.597602 0.998165 0.011392 0.058263
17.303401 -1.621936 0.594967 0.998043 -0.002812 0.061104
17.375570 -1.639958 0.595345 0.997891 -0.011709 0.061961
17.444972 -1.657096 0.600887 0.997495 -0.017976 0.065370
17.513598 -1.672640 0.606896 0.997376 -0.020660 0.065019
17.598660 -1.689837 0.611290 0.997175 -0.029085 0.062456
17.665980 -1.700695 0.611353 0.997005 -0.036343 0.060543
17.731612 -1.710121 0.609835 0.996733 -0.045301 0.058838
17.799001 -1.717531 0.607558 0.996318 -0.053000 0.061865
17.869723 -1.723762 0.606890 0.995659 -0.063209 0.063189
17.958891 -1.731798 0.611044 0.994927 -0.076689 0.060536
18.028296 -1.738765 0.616773 0.994391 -0.083848 0.060764
18.090507 -1.748769 0.619909 0.993961 -0.089784 0.058525
18.152004 -1.761970 0.620264 0.993404 -0.095844 0.057449
18.214759 -1.775984 0.617334 0.993389 -0.097507 0.055042
18.296698 -1.799440 0.617351 0.993196 -0.096517 0.058830
18.357940 -1.816378 0.621335 0.993308 -0.093033 0.060259
18.419996 -1.833673 0.629340 0.993216 -0.090097 0.064879
18.473038 -1.849262 0.636072 0.993181 -0.088086 0.065758
18.533212 -1.866918 0.639488 0.992910 -0.091441 0.064476
18.607639 -1.886631 0.638905 0.992792 -0.093311 0.062311
18.672808 -1.904041 0.636207 0.992142 -0.100187 0.062537
18.731847 -1.916360 0.632871 0.991811 -0.102878 0.062637
18.794902 -1.926185 0.631734 0.991214 -0.107962 0.064335
18.867553 -1.935081 0.636361 0.990527 -0.112614 0.066925
18.949099 -1.950187 0.645801 0.989588 -0.120398 0.069247
19.010878 -1.965898 0.651616 0.989159 -0.124246 0.068272
19.067500 -1.981795 0.653624 0.988668 -0.128413 0.068065
19.125093 -1.999704 0.652841 0.988435 -0.131338 0.065236
19.184532 -2.021549 0.651218 0.988357 -0.132707 0.065148
19.262923 -2.052787 0.652771 0.987373 -0.137767 0.070536
19.320086 -2.079153 0.655301 0.987380 -0.137480 0.070484
19.370518 -2.104851 0.660987 0.986485 -0.142053 0.072433
19.422175 -2.131012 0.666874 0.985034 -0.150551 0.072964
19.468750 -2.158639 0.669218 0.983168 -0.162434 0.071165
19.529500 -2.192882 0.669626 0.979413 -0.183691 0.068427
19.576020 -2.219928 0.668533 0.976316 -0.199615 0.069268
19.619161 -2.245177 0.668975 0.971146 -0.221794 0.074374
19.660132 -2.269923 0.667027 0.966486 -0.243627 0.067821
19.693039 -2.297312 0.668478 0.960410 -0.267770 0.065271
19.725909 -2.335482 0.672669 0.952745 -0.294383 0.064654
19.744955 -2.368958 0.675911 0.946603 -0.313427 0.064102
19.760260 -2.402251 0.676774 0.941236 -0.329222 0.061894
19.771506 -2.437088 0.676021 0.935505 -0.345465 0.058024
19.784765 -2.476183 0.675384 0.930792 -0.358157 0.055120
19.798100 -2.526596 0.677258 0.925815 -0.370452 0.054955
19.808027 -2.566775 0.681835 0.921704 -0.379774 0.057524
19.811281 -2.603959 0.687309 0.918903 -0.385548 0.058356
19.810734 -2.639061 0.692308 0.916696 -0.390187 0.059262
19.808623 -2.674117 0.697901 0.913164 -0.397846 0.059919
19.810876 -2.718120 0.704236 0.906645 -0.412126 0.062528
19.802805 -2.751419 0.705889 0.901703 -0.422670 0.064012
19.793004 -2.782155 0.705011 0.897437 -0.431858 0.062465
19.784709 -2.813244 0.703455 0.890726 -0.445759 0.058215
19.781361 -2.848862 0.701645 0.882892 -0.461749 0.052089
19.784834 -2.898783 0.697658 0.870983 -0.484702 0.044454
19.794007 -2.942143 0.693613 0.858777 -0.506262 0.041233
19.803873 -2.984080 0.693910 0.847032 -0.525099 0.047645
19.813966 -3.025653 0.699462 0.833392 -0.545461 0.053053
19.823936 -3.062683 0.706695 0.822524 -0.561411 0.056653
19.832335 -3.104745 0.716934 0.807592 -0.582371 0.059623
19.834288 -3.135121 0.722433 0.797578 -0.596215 0.058038
19.832498 -3.162935 0.724371 0.788079 -0.608946 0.056318
19.828082 -3.188468 0.723354 0.778632 -0.621444 0.052797
19.819764 -3.213332 0.721683 0.769950 -0.632565 0.048523
19.805318 -3.244782 0.719916 0.762015 -0.642357 0.043204
19.789813 -3.270246 0.721681 0.754641 -0.650953 0.042731
19.771975 -3.294219 0.726908 0.747596 -0.658358 0.048595
19.753255 -3.317539 0.730774 0.740800 -0.665699 0.048823
19.733480 -3.339518 0.733595 0.731032 -0.676421 0.044842
19.707911 -3.364935 0.738221 0.718504 -0.689456 0.042629
19.684537 -3.382996 0.741419 0.707295 -0.700680 0.043511
19.660998 -3.396734 0.742720 -0.697209 0.710681 -0.043991
19.636863 -3.407566 0.742133 -0.685104 0.722448 -0.041177
19.612867 -3.419400 0.740582 -0.672706 0.734309 -0.034847
19.587107 -3.437312 0.740738 -0.657174 0.748489 -0.030402
19.570036 -3.452381 0.741741 -0.643621 0.760283 -0.028866
19.555963 -3.469833 0.741688 -0.628638 0.772954 -0.026274
19.542274 -3.489115 0.741526 -0.612917 0.785543 -0.024655
19.529194 -3.513012 0.742576 -0.595190 0.799129 -0.024937
19.513336 -3.545640 0.748861 -0.569305 0.817438 -0.030436
19.497307 -3.569747 0.754746 -0.547550 0.831804 -0.033076
19.481234 -3.587404 0.757484 -0.530830 0.842614 -0.032514
19.461288 -3.602928 0.758156 -0.514532 0.853008 -0.029294
19.439209 -3.618659 0.758223 -0.497582 0.863208 -0.028499
19.407667 -3.637144 0.756440 -0.479205 0.873872 -0.026716
19.378316 -3.650812 0.754249 -0.463201 0.882602 -0.022100
19.346975 -3.662389 0.752859 -0.450449 0.889219 -0.019443
19.313626 -3.672928 0.753496 -0.444519 0.892116 -0.020243
19.279126 -3.681891 0.757139 -0.434284 0.896696 -0.020859
19.237673 -3.691089 0.761551 -0.420181 0.902951 -0.017226
19.206884 -3.692849 0.764670 -0.407118 0.908598 -0.013326
19.179918 -3.691666 0.766807 -0.395576 0.913469 -0.010991
19.153051 -3.691188 0.767763 -0.381889 0.919357 -0.007690
19.124053 -3.693952 0.768416 -0.363900 0.926787 -0.005098
19.085970 -3.698891 0.768019 -0.336137 0.937593 -0.001111
19.052796 -3.705087 0.766845 -0.313801 0.945559 0.002566
19.018899 -3.712541 0.766207 -0.294962 0.951568 0.001351
18.984094 -3.721244 0.768720 -0.269074 0.958755 0.000772
18.947859 -3.729844 0.773927 -0.241344 0.965655 -0.000470
18.904839 -3.737688 0.781930 -0.209838 0.972493 -0.002517
18.873991 -3.739059 0.785620 -0.190061 0.976445 -0.002137
18.846132 -3.736996 0.786649 -0.175000 0.979508 0.001287
18.818620 -3.731867 0.785946 -0.161785 0.982037 0.005142
18.791114 -3.725375 0.784428 -0.150514 0.984012 0.008023
18.756620 -3.714352 0.782204 -0.137840 0.986086 0.012476
18.729039 -3.703722 0.781186 -0.134081 0.986557 0.009529
18.704024 -3.692093 0.780751 -0.130933 0.987205 0.009389
18.680872 -3.682001 0.782928 -0.129684 0.987238 0.009267
18.654412 -3.669072 0.785225 -0.128955 0.987256 0.010487
18.621590 -3.653456 0.790065 -0.125552 0.987494 0.015933
18.592931 -3.641315 0.792767 -0.126710 0.987171 0.019463
18.565745 -3.629788 0.793867 -0.125524 0.987348 0.020179
18.534387 -3.621322 0.794499 -0.121644 0.988009 0.022437
18.499628 -3.613687 0.794000 -0.114924 0.989089 0.025719
18.446549 -3.610690 0.790224 -0.113795 0.989407 0.028572
18.400598 -3.613468 0.785925 -0.110007 0.989849 0.033362
18.355588 -3.616966 0.784212 -0.104124 0.990350 0.032444
18.307340 -3.626946 0.787259 -0.098082 0.990498 0.034960
18.254482 -3.639692 0.793835 -0.088126 0.990890 0.040375
18.189121 -3.652133 0.803585 -0.084459 0.990842 0.032525
18.138694 -3.657759 0.808037 -0.080480 0.991466 0.034333
18.088547 -3.661735 0.808034 -0.080101 0.991742 0.034129
18.040102 -3.659552 0.804318 -0.076257 0.992417 0.038835
17.985301 -3.652944 0.799300 -0.078857 0.992328 0.035832
17.914888 -3.641162 0.796092 -0.085272 0.991675 0.032662
17.862457 -3.633608 0.796726 -0.087663 0.991355 0.037125
17.810711 -3.625883 0.801014 -0.096642 0.990059 0.041491
17.763045 -3.618518 0.804947 -0.098431 0.989981 0.043333
17.708784 -3.613586 0.807953 -0.093808 0.990375 0.043086
17.639231 -3.610485 0.807122 -0.086417 0.991192 0.040095
17.578039 -3.611540 0.804506 -0.079594 0.991791 0.036239
17.519739 -3.613860 0.804905 -0.070925 0.991960 0.036741
17.459947 -3.620650 0.807528 -0.063016 0.992418 0.037384
17.401793 -3.628141 0.814399 -0.058897 0.992473 0.036094
17.334353 -3.639622 0.822904 -0.061437 0.992372 0.031764
17.281318 -3.650710 0.825674 -0.068387 0.992203 0.030696
17.235289 -3.661266 0.824230 -0.073882 0.992213 0.030933
17.185999 -3.671755 0.823907 -0.085375 0.990954 0.032014
17.144895 -3.686335 0.823358 -0.105708 0.988870 0.034422
17.092961 -3.709873 0.826308 -0.131914 0.985649 0.033040
17.058549 -3.733904 0.830617 -0.153285 0.982145 0.040598
17.027420 -3.759136 0.832355 -0.172972 0.979136 0.039960
16.996475 -3.789983 0.834127 -0.189122 0.976033 0.042562
16.963281 -3.826569 0.834812 -0.198791 0.973949 0.042058
16.925040 -3.880427 0.835782 -0.218265 0.969404 0.033950
16.898811 -3.927092 0.838829 -0.236024 0.965093 0.031589
16.879125 -3.971301 0.845998 -0.254150 0.960126 0.023792
16.864636 -4.013763 0.853538 -0.276226 0.953827 0.015269
16.855262 -4.053125 0.859118 -0.306002 0.944764 0.008661
16.854894 -4.103016 0.860747 -0.347205 0.930619 0.001013
16.859025 -4.141364 0.858772 -0.388112 0.914778 0.000699
16.864971 -4.173914 0.858958 -0.424608 0.898403 0.000659
16.871985 -4.201914 0.863716 -0.463946 0.878688 -0.001537
16.880845 -4.224003 0.872644 -0.492331 0.862867 -0.012345
16.894454 -4.246134 0.876416 -0.528684 0.840506 -0.005693
16.903965 -4.258117 0.868998 -0.549992 0.827058 -0.004338
16.911189 -4.266980 0.860139 -0.565290 0.817181 -0.002003
16.917905 -4.273218 0.853253 -0.577622 0.808265 -0.002715
16.923599 -4.276691 0.847578 -0.589396 0.799480 -0.005122
16.926729 -4.278280 0.842324 -0.601082 0.790590 -0.003120
16.929158 -4.277935 0.838544 -0.611931 0.782885 -0.014239
16.929285 -4.276610 0.833317 -0.620055 0.777238 -0.016634
16.929369 -4.276701 0.829321 -0.627853 0.770612 -0.017603
16.925890 -4.274907 0.825934 -0.631283 0.767854 -0.024505
16.920982 -4.276269 0.823751 -0.634131 0.766600 -0.030858
16.917023 -4.278324 0.821833 -0.642903 0.760802 -0.029968
16.913531 -4.278520 0.819153 -0.647182 0.757973 -0.033312
16.910442 -4.278788 0.816453 -0.647632 0.757998 -0.032532
16.908454 -4.281589 0.810100 -0.658404 0.749714 -0.030519
16.909065 -4.282463 0.803138 -0.666762 0.742529 -0.032708
16.909551 -4.282047 0.799212 -0.673401 0.736528 -0.021652
16.909536 -4.279777 0.797835 -0.674822 0.734787 -0.019734
16.910254 -4.276310 0.797580 -0.674573 0.734348 -0.022591
16.910141 -4.276390 0.796601 -0.674925 0.733959 -0.018781
16.911020 -4.275966 0.796206 -0.674369 0.733985 -0.013762
16.912642 -4.275252 0.796100 -0.673915 0.734244 -0.011855
16.920541 -4.271004 0.794768 -0.672676 0.735432 -0.009451
16.922288 -4.272503 0.791476 -0.673719 0.734712 -0.003877
16.925428 -4.274502 0.787889 -0.674390 0.733673 0.003599
16.928530 -4.276461 0.783624 -0.675962 0.732149 0.014548
16.933013 -4.274534 0.780639 -0.676446 0.732373 0.012116
16.934532 -4.271385 0.780301 -0.676922 0.731977 0.007267
16.932484 -4.267298 0.780285 -0.679997 0.728944 0.005892
16.932209 -4.264680 0.778373 -0.686971 0.722588 0.002164
16.933850 -4.263711 0.778885 -0.693031 0.716825 -0.002694
16.936527 -4.263798 0.779686 -0.697127 0.712978 -0.007672
16.939248 -4.264870 0.779882 -0.699427 0.710882 -0.009113
16.941079 -4.267113 0.779855 -0.699434 0.711011 -0.009315
16.942317 -4.269307 0.778566 -0.697573 0.712711 -0.005963
16.942232 -4.272912 0.779229 -0.693094 0.716595 -0.005161
16.941796 -4.273711 0.779068 -0.691192 0.718384 -0.005092
16.942245 -4.273185 0.779457 -0.692024 0.717533 -0.006463
16.942897 -4.269492 0.778450 -0.693128 0.716342 -0.007218
16.942581 -4.269361 0.779552 -0.693251 0.716018 -0.007700
16.942203 -4.269096 0.780951 -0.693128 0.715936 -0.009391
16.943158 -4.268291 0.781896 -0.694383 0.714562 -0.010551
16.944319 -4.267639 0.782297 -0.696332 0.712612 -0.011782
16.945275 -4.266373 0.781966 -0.696441 0.712193 -0.013627
16.944490 -4.266538 0.783608 -0.695726 0.712429 -0.016113
16.944139 -4.266427 0.784677 -0.695314 0.712398 -0.016967
16.944975 -4.265468 0.785024 -0.694775 0.712815 -0.016831
16.947019 -4.264990 0.783154 -0.694884 0.712700 -0.017242
16.947417 -4.266247 0.782839 -0.694124 0.713410 -0.017038
16.947486 -4.267614 0.782268 -0.692165 0.715158 -0.016090
16.947843 -4.269099 0.782671 -0.688540 0.718042 -0.015325
16.948334 -4.268649 0.782453 -0.687907 0.718380 -0.015438
16.950133 -4.268030 0.779782 -0.688524 0.717759 -0.014239
16.951386 -4.268634 0.778874 -0.688377 0.717840 -0.012606
16.950920 -4.268844 0.777954 -0.688392 0.717935 -0.011646
16.950940 -4.268847 0.778168 -0.686829 0.719323 -0.012646
16.951338 -4.268321 0.778308 -0.685919 0.720056 -0.012405
16.951695 -4.267747 0.778328 -0.685955 0.719854 -0.011930
